5 106 0
5 106 1
1 102 2
4 105 3
1 102 4
6 107 5
0 101 6
5 106 7
0 101 8
3 104 9
5 106 10
0 101 11
3 104 12
5 106 13
0 101 14
6 107 15
2 103 16
6 107 17
3 104 18
3 104 19
4 105 20
0 101 21
4 105 22
4 105 23
1 102 24
6 107 25
1 102 26
6 107 27
6 107 28
6 107 29
1 102 30
0 101 31
4 105 32
3 104 33
5 106 34
0 101 35
0 101 36
5 106 37
4 105 38
5 106 39
6 107 40
5 106 41
4 105 42
6 107 43
4 105 44
0 101 45
0 101 46
4 105 47
0 101 48
6 107 49
1 102 50
6 107 51
5 106 52
4 105 53
6 107 54
5 106 55
5 106 56
6 107 57
3 104 58
5 106 59
2 103 60
2 103 61
3 104 62
5 106 63
5 106 64
1 102 65
1 102 66
2 103 67
1 102 68
5 106 69
0 101 70
2 103 71
2 103 72
1 102 73
2 103 74
1 102 75
4 105 76
3 104 77
0 101 78
1 102 79
5 106 80
0 101 81
0 101 82
2 103 83
3 104 84
5 106 85
1 102 86
3 104 87
4 105 88
6 107 89
2 103 90
3 104 91
0 101 92
6 107 93
3 104 94
3 104 95
5 106 96
0 101 97
5 106 98
6 107 99
