0 0 5 4.07.2030
1 0 3 7.07.2030
2 0 4 4.07.2030
3 0 5 4.07.2030
4 0 3 10.08.2030
5 0 6 4.07.2030
6 0 2 7.07.2030
0 1 3 1.07.2030
1 1 6 7.07.2030
2 1 5 14.08.2030
3 1 5 4.07.2030
4 1 6 2.07.2030
5 1 4 2.07.2030
6 1 3 2.07.2030
0 2 6 10.08.2030
1 2 3 10.08.2030
2 2 3 2.07.2030
3 2 6 14.08.2030
4 2 2 12.08.2030
5 2 3 7.07.2030
6 2 3 12.08.2030
0 3 6 14.08.2030
1 3 6 10.08.2030
2 3 3 10.08.2030
3 3 4 12.08.2030
4 3 3 12.08.2030
5 3 2 12.08.2030
6 3 5 2.07.2030
0 4 2 14.08.2030
1 4 3 12.08.2030
2 4 6 14.08.2030
3 4 5 4.07.2030
4 4 3 2.07.2030
5 4 5 10.08.2030
6 4 6 7.07.2030
0 5 2 2.07.2030
1 5 5 12.08.2030
2 5 2 1.07.2030
3 5 2 4.07.2030
4 5 2 1.07.2030
5 5 4 7.07.2030
6 5 3 12.08.2030
0 6 2 12.08.2030
1 6 2 10.08.2030
2 6 4 4.07.2030
3 6 4 7.07.2030
4 6 4 10.08.2030
5 6 2 14.08.2030
6 6 5 2.07.2030
0 7 3 12.08.2030
1 7 5 12.08.2030
2 7 4 4.07.2030
3 7 2 1.07.2030
4 7 4 7.07.2030
5 7 6 10.08.2030
6 7 2 4.07.2030
0 8 3 1.07.2030
1 8 3 1.07.2030
2 8 2 4.07.2030
3 8 6 1.07.2030
4 8 2 4.07.2030
5 8 5 7.07.2030
6 8 4 14.08.2030
0 9 3 10.08.2030
1 9 5 2.07.2030
2 9 5 10.08.2030
3 9 5 7.07.2030
4 9 5 10.08.2030
5 9 5 12.08.2030
6 9 4 7.07.2030
0 10 2 2.07.2030
1 10 4 12.08.2030
2 10 2 1.07.2030
3 10 6 7.07.2030
4 10 6 1.07.2030
5 10 4 2.07.2030
6 10 5 10.08.2030
0 11 5 2.07.2030
1 11 2 7.07.2030
2 11 3 4.07.2030
3 11 5 4.07.2030
4 11 5 10.08.2030
5 11 6 12.08.2030
6 11 6 14.08.2030
0 12 2 1.07.2030
1 12 3 1.07.2030
2 12 5 1.07.2030
3 12 5 1.07.2030
4 12 4 7.07.2030
5 12 4 2.07.2030
6 12 4 14.08.2030
0 13 5 1.07.2030
1 13 3 1.07.2030
2 13 3 10.08.2030
3 13 6 2.07.2030
4 13 4 7.07.2030
5 13 6 1.07.2030
6 13 6 2.07.2030
0 14 6 12.08.2030
1 14 5 12.08.2030
2 14 2 1.07.2030
3 14 2 4.07.2030
4 14 2 14.08.2030
5 14 6 7.07.2030
6 14 3 10.08.2030
0 15 4 7.07.2030
1 15 5 14.08.2030
2 15 3 14.08.2030
3 15 5 10.08.2030
4 15 6 4.07.2030
5 15 2 7.07.2030
6 15 5 10.08.2030
0 16 6 10.08.2030
1 16 6 12.08.2030
2 16 2 7.07.2030
3 16 6 2.07.2030
4 16 5 10.08.2030
5 16 5 4.07.2030
6 16 3 1.07.2030
0 17 2 7.07.2030
1 17 6 2.07.2030
2 17 5 7.07.2030
3 17 4 10.08.2030
4 17 5 4.07.2030
5 17 5 7.07.2030
6 17 4 14.08.2030
0 18 4 1.07.2030
1 18 4 12.08.2030
2 18 2 4.07.2030
3 18 5 1.07.2030
4 18 4 14.08.2030
5 18 2 7.07.2030
6 18 5 2.07.2030
0 19 4 7.07.2030
1 19 5 12.08.2030
2 19 2 2.07.2030
3 19 3 10.08.2030
4 19 2 10.08.2030
5 19 4 7.07.2030
6 19 6 12.08.2030
0 20 3 7.07.2030
1 20 2 4.07.2030
2 20 3 4.07.2030
3 20 2 2.07.2030
4 20 5 4.07.2030
5 20 3 2.07.2030
6 20 4 2.07.2030
0 21 4 12.08.2030
1 21 4 14.08.2030
2 21 4 4.07.2030
3 21 6 14.08.2030
4 21 4 1.07.2030
5 21 3 4.07.2030
6 21 4 2.07.2030
0 22 4 14.08.2030
1 22 2 12.08.2030
2 22 3 4.07.2030
3 22 3 4.07.2030
4 22 6 14.08.2030
5 22 4 4.07.2030
6 22 4 12.08.2030
0 23 4 1.07.2030
1 23 5 7.07.2030
2 23 6 4.07.2030
3 23 4 10.08.2030
4 23 4 1.07.2030
5 23 2 7.07.2030
6 23 3 7.07.2030
0 24 4 2.07.2030
1 24 2 10.08.2030
2 24 3 2.07.2030
3 24 6 7.07.2030
4 24 6 2.07.2030
5 24 2 1.07.2030
6 24 4 14.08.2030
0 25 2 7.07.2030
1 25 5 12.08.2030
2 25 5 2.07.2030
3 25 4 1.07.2030
4 25 2 1.07.2030
5 25 3 1.07.2030
6 25 4 10.08.2030
0 26 5 7.07.2030
1 26 4 7.07.2030
2 26 3 10.08.2030
3 26 2 2.07.2030
4 26 3 2.07.2030
5 26 2 14.08.2030
6 26 3 1.07.2030
0 27 2 12.08.2030
1 27 3 2.07.2030
2 27 5 14.08.2030
3 27 2 4.07.2030
4 27 5 2.07.2030
5 27 4 12.08.2030
6 27 3 10.08.2030
0 28 3 14.08.2030
1 28 5 4.07.2030
2 28 2 4.07.2030
3 28 3 12.08.2030
4 28 2 12.08.2030
5 28 2 10.08.2030
6 28 4 14.08.2030
0 29 6 7.07.2030
1 29 2 2.07.2030
2 29 3 14.08.2030
3 29 6 12.08.2030
4 29 2 10.08.2030
5 29 3 14.08.2030
6 29 2 4.07.2030
0 30 4 4.07.2030
1 30 3 1.07.2030
2 30 6 12.08.2030
3 30 4 14.08.2030
4 30 5 12.08.2030
5 30 6 1.07.2030
6 30 3 2.07.2030
0 31 3 12.08.2030
1 31 6 12.08.2030
2 31 3 12.08.2030
3 31 6 14.08.2030
4 31 2 4.07.2030
5 31 6 2.07.2030
6 31 6 7.07.2030
0 32 4 4.07.2030
1 32 4 14.08.2030
2 32 6 4.07.2030
3 32 5 12.08.2030
4 32 6 10.08.2030
5 32 3 1.07.2030
6 32 3 12.08.2030
0 33 6 4.07.2030
1 33 4 4.07.2030
2 33 4 4.07.2030
3 33 2 2.07.2030
4 33 3 7.07.2030
5 33 4 12.08.2030
6 33 6 10.08.2030
0 34 6 14.08.2030
1 34 5 1.07.2030
2 34 5 2.07.2030
3 34 4 2.07.2030
4 34 2 2.07.2030
5 34 2 14.08.2030
6 34 5 14.08.2030
0 35 5 4.07.2030
1 35 2 10.08.2030
2 35 6 7.07.2030
3 35 2 4.07.2030
4 35 6 7.07.2030
5 35 5 2.07.2030
6 35 2 12.08.2030
0 36 2 7.07.2030
1 36 6 7.07.2030
2 36 3 14.08.2030
3 36 2 2.07.2030
4 36 2 12.08.2030
5 36 5 7.07.2030
6 36 2 12.08.2030
0 37 4 12.08.2030
1 37 6 10.08.2030
2 37 6 14.08.2030
3 37 3 12.08.2030
4 37 5 10.08.2030
5 37 6 7.07.2030
6 37 4 2.07.2030
0 38 6 10.08.2030
1 38 4 1.07.2030
2 38 4 7.07.2030
3 38 3 2.07.2030
4 38 4 1.07.2030
5 38 2 1.07.2030
6 38 4 1.07.2030
0 39 4 14.08.2030
1 39 2 2.07.2030
2 39 3 12.08.2030
3 39 6 4.07.2030
4 39 2 14.08.2030
5 39 6 4.07.2030
6 39 6 7.07.2030
0 40 3 2.07.2030
1 40 6 7.07.2030
2 40 5 12.08.2030
3 40 4 4.07.2030
4 40 5 4.07.2030
5 40 6 12.08.2030
6 40 5 12.08.2030
0 41 2 7.07.2030
1 41 3 14.08.2030
2 41 5 2.07.2030
3 41 5 12.08.2030
4 41 2 7.07.2030
5 41 4 2.07.2030
6 41 4 10.08.2030
0 42 4 1.07.2030
1 42 2 14.08.2030
2 42 4 2.07.2030
3 42 6 4.07.2030
4 42 3 4.07.2030
5 42 5 2.07.2030
6 42 2 7.07.2030
0 43 3 14.08.2030
1 43 5 1.07.2030
2 43 3 2.07.2030
3 43 3 14.08.2030
4 43 6 12.08.2030
5 43 3 2.07.2030
6 43 6 10.08.2030
0 44 6 2.07.2030
1 44 4 7.07.2030
2 44 2 12.08.2030
3 44 3 12.08.2030
4 44 6 4.07.2030
5 44 4 4.07.2030
6 44 5 10.08.2030
0 45 2 10.08.2030
1 45 3 14.08.2030
2 45 5 4.07.2030
3 45 6 7.07.2030
4 45 6 1.07.2030
5 45 2 7.07.2030
6 45 4 12.08.2030
0 46 2 2.07.2030
1 46 3 12.08.2030
2 46 4 1.07.2030
3 46 4 10.08.2030
4 46 5 1.07.2030
5 46 5 7.07.2030
6 46 4 4.07.2030
0 47 4 12.08.2030
1 47 4 12.08.2030
2 47 5 1.07.2030
3 47 5 10.08.2030
4 47 4 14.08.2030
5 47 5 1.07.2030
6 47 2 14.08.2030
0 48 5 2.07.2030
1 48 6 1.07.2030
2 48 2 4.07.2030
3 48 5 4.07.2030
4 48 5 2.07.2030
5 48 6 7.07.2030
6 48 2 4.07.2030
0 49 3 12.08.2030
1 49 6 2.07.2030
2 49 2 1.07.2030
3 49 6 4.07.2030
4 49 4 14.08.2030
5 49 2 1.07.2030
6 49 3 10.08.2030
0 50 6 10.08.2030
1 50 4 1.07.2030
2 50 2 7.07.2030
3 50 3 12.08.2030
4 50 3 10.08.2030
5 50 3 4.07.2030
6 50 4 10.08.2030
0 51 2 14.08.2030
1 51 2 12.08.2030
2 51 4 2.07.2030
3 51 4 1.07.2030
4 51 6 14.08.2030
5 51 3 1.07.2030
6 51 4 7.07.2030
0 52 4 1.07.2030
1 52 6 2.07.2030
2 52 6 1.07.2030
3 52 6 7.07.2030
4 52 6 7.07.2030
5 52 2 7.07.2030
6 52 4 4.07.2030
0 53 6 7.07.2030
1 53 2 4.07.2030
2 53 3 14.08.2030
3 53 5 10.08.2030
4 53 5 7.07.2030
5 53 3 2.07.2030
6 53 4 1.07.2030
0 54 4 10.08.2030
1 54 6 1.07.2030
2 54 2 14.08.2030
3 54 4 1.07.2030
4 54 2 2.07.2030
5 54 5 14.08.2030
6 54 4 10.08.2030
0 55 2 10.08.2030
1 55 6 7.07.2030
2 55 6 2.07.2030
3 55 2 2.07.2030
4 55 3 4.07.2030
5 55 6 2.07.2030
6 55 6 7.07.2030
0 56 4 1.07.2030
1 56 4 7.07.2030
2 56 3 7.07.2030
3 56 6 7.07.2030
4 56 6 14.08.2030
5 56 3 7.07.2030
6 56 3 14.08.2030
0 57 5 1.07.2030
1 57 6 10.08.2030
2 57 3 2.07.2030
3 57 6 10.08.2030
4 57 5 14.08.2030
5 57 6 1.07.2030
6 57 3 10.08.2030
0 58 3 7.07.2030
1 58 6 7.07.2030
2 58 4 14.08.2030
3 58 6 2.07.2030
4 58 4 2.07.2030
5 58 6 7.07.2030
6 58 6 14.08.2030
0 59 4 4.07.2030
1 59 6 14.08.2030
2 59 4 14.08.2030
3 59 5 2.07.2030
4 59 2 2.07.2030
5 59 4 2.07.2030
6 59 3 12.08.2030
0 60 2 1.07.2030
1 60 3 14.08.2030
2 60 2 14.08.2030
3 60 3 14.08.2030
4 60 6 14.08.2030
5 60 4 14.08.2030
6 60 5 10.08.2030
0 61 6 12.08.2030
1 61 6 2.07.2030
2 61 2 1.07.2030
3 61 3 4.07.2030
4 61 2 7.07.2030
5 61 5 2.07.2030
6 61 3 7.07.2030
0 62 4 1.07.2030
1 62 6 2.07.2030
2 62 3 1.07.2030
3 62 4 1.07.2030
4 62 2 4.07.2030
5 62 6 14.08.2030
6 62 3 14.08.2030
0 63 2 1.07.2030
1 63 2 10.08.2030
2 63 5 2.07.2030
3 63 4 4.07.2030
4 63 4 7.07.2030
5 63 2 7.07.2030
6 63 6 14.08.2030
0 64 4 14.08.2030
1 64 6 12.08.2030
2 64 3 1.07.2030
3 64 2 14.08.2030
4 64 6 4.07.2030
5 64 5 7.07.2030
6 64 5 4.07.2030
0 65 2 1.07.2030
1 65 2 12.08.2030
2 65 2 4.07.2030
3 65 3 14.08.2030
4 65 5 14.08.2030
5 65 4 12.08.2030
6 65 4 12.08.2030
0 66 2 12.08.2030
1 66 4 12.08.2030
2 66 2 1.07.2030
3 66 3 14.08.2030
4 66 4 14.08.2030
5 66 5 14.08.2030
6 66 2 14.08.2030
0 67 4 14.08.2030
1 67 2 4.07.2030
2 67 6 1.07.2030
3 67 3 12.08.2030
4 67 6 10.08.2030
5 67 6 10.08.2030
6 67 6 7.07.2030
0 68 6 14.08.2030
1 68 5 7.07.2030
2 68 3 12.08.2030
3 68 6 14.08.2030
4 68 4 14.08.2030
5 68 4 10.08.2030
6 68 4 1.07.2030
0 69 3 7.07.2030
1 69 3 1.07.2030
2 69 3 4.07.2030
3 69 6 10.08.2030
4 69 5 7.07.2030
5 69 3 10.08.2030
6 69 2 1.07.2030
0 70 2 14.08.2030
1 70 2 10.08.2030
2 70 5 7.07.2030
3 70 2 1.07.2030
4 70 5 10.08.2030
5 70 2 4.07.2030
6 70 3 12.08.2030
0 71 5 1.07.2030
1 71 4 2.07.2030
2 71 5 1.07.2030
3 71 6 14.08.2030
4 71 3 4.07.2030
5 71 2 12.08.2030
6 71 5 12.08.2030
0 72 2 12.08.2030
1 72 5 4.07.2030
2 72 4 12.08.2030
3 72 2 12.08.2030
4 72 5 7.07.2030
5 72 5 10.08.2030
6 72 6 4.07.2030
0 73 5 14.08.2030
1 73 3 12.08.2030
2 73 5 7.07.2030
3 73 2 4.07.2030
4 73 6 10.08.2030
5 73 5 10.08.2030
6 73 4 12.08.2030
0 74 5 7.07.2030
1 74 5 14.08.2030
2 74 4 1.07.2030
3 74 5 4.07.2030
4 74 6 10.08.2030
5 74 5 4.07.2030
6 74 6 7.07.2030
0 75 2 4.07.2030
1 75 6 10.08.2030
2 75 3 4.07.2030
3 75 3 14.08.2030
4 75 2 7.07.2030
5 75 4 4.07.2030
6 75 6 4.07.2030
0 76 6 1.07.2030
1 76 4 14.08.2030
2 76 2 14.08.2030
3 76 4 10.08.2030
4 76 3 1.07.2030
5 76 2 10.08.2030
6 76 2 1.07.2030
0 77 4 12.08.2030
1 77 4 4.07.2030
2 77 2 14.08.2030
3 77 3 14.08.2030
4 77 3 1.07.2030
5 77 4 2.07.2030
6 77 4 10.08.2030
0 78 4 7.07.2030
1 78 4 4.07.2030
2 78 4 1.07.2030
3 78 2 10.08.2030
4 78 2 7.07.2030
5 78 4 14.08.2030
6 78 2 1.07.2030
0 79 2 12.08.2030
1 79 3 4.07.2030
2 79 2 1.07.2030
3 79 2 1.07.2030
4 79 3 10.08.2030
5 79 6 7.07.2030
6 79 4 14.08.2030
0 80 5 4.07.2030
1 80 6 14.08.2030
2 80 3 1.07.2030
3 80 4 7.07.2030
4 80 6 1.07.2030
5 80 4 2.07.2030
6 80 4 14.08.2030
0 81 5 12.08.2030
1 81 4 2.07.2030
2 81 4 4.07.2030
3 81 3 4.07.2030
4 81 5 7.07.2030
5 81 2 10.08.2030
6 81 2 7.07.2030
0 82 2 1.07.2030
1 82 2 14.08.2030
2 82 3 7.07.2030
3 82 5 12.08.2030
4 82 4 1.07.2030
5 82 2 7.07.2030
6 82 5 12.08.2030
0 83 4 1.07.2030
1 83 4 12.08.2030
2 83 5 1.07.2030
3 83 3 14.08.2030
4 83 3 4.07.2030
5 83 4 14.08.2030
6 83 6 2.07.2030
0 84 5 12.08.2030
1 84 5 12.08.2030
2 84 3 4.07.2030
3 84 2 2.07.2030
4 84 2 14.08.2030
5 84 6 2.07.2030
6 84 5 10.08.2030
0 85 2 10.08.2030
1 85 5 1.07.2030
2 85 6 7.07.2030
3 85 3 12.08.2030
4 85 6 1.07.2030
5 85 3 1.07.2030
6 85 3 4.07.2030
0 86 5 2.07.2030
1 86 5 12.08.2030
2 86 5 7.07.2030
3 86 5 14.08.2030
4 86 6 10.08.2030
5 86 4 14.08.2030
6 86 2 1.07.2030
0 87 2 4.07.2030
1 87 2 10.08.2030
2 87 5 7.07.2030
3 87 4 2.07.2030
4 87 3 7.07.2030
5 87 2 2.07.2030
6 87 6 4.07.2030
0 88 2 7.07.2030
1 88 3 10.08.2030
2 88 2 2.07.2030
3 88 2 1.07.2030
4 88 4 7.07.2030
5 88 2 4.07.2030
6 88 3 1.07.2030
0 89 3 7.07.2030
1 89 2 1.07.2030
2 89 4 14.08.2030
3 89 3 12.08.2030
4 89 4 12.08.2030
5 89 5 10.08.2030
6 89 4 7.07.2030
0 90 2 14.08.2030
1 90 2 7.07.2030
2 90 4 12.08.2030
3 90 2 2.07.2030
4 90 2 4.07.2030
5 90 3 2.07.2030
6 90 4 2.07.2030
0 91 5 12.08.2030
1 91 2 12.08.2030
2 91 4 1.07.2030
3 91 6 2.07.2030
4 91 5 10.08.2030
5 91 3 14.08.2030
6 91 5 12.08.2030
0 92 5 12.08.2030
1 92 2 4.07.2030
2 92 6 7.07.2030
3 92 4 12.08.2030
4 92 3 14.08.2030
5 92 5 14.08.2030
6 92 2 10.08.2030
0 93 5 12.08.2030
1 93 5 1.07.2030
2 93 3 7.07.2030
3 93 3 12.08.2030
4 93 6 4.07.2030
5 93 5 2.07.2030
6 93 5 14.08.2030
0 94 2 4.07.2030
1 94 4 10.08.2030
2 94 5 14.08.2030
3 94 6 4.07.2030
4 94 4 1.07.2030
5 94 5 7.07.2030
6 94 6 10.08.2030
0 95 5 7.07.2030
1 95 2 7.07.2030
2 95 2 12.08.2030
3 95 4 14.08.2030
4 95 6 10.08.2030
5 95 4 1.07.2030
6 95 3 10.08.2030
0 96 6 7.07.2030
1 96 6 2.07.2030
2 96 5 2.07.2030
3 96 2 1.07.2030
4 96 6 7.07.2030
5 96 3 14.08.2030
6 96 3 1.07.2030
0 97 5 4.07.2030
1 97 4 7.07.2030
2 97 5 1.07.2030
3 97 3 2.07.2030
4 97 6 10.08.2030
5 97 4 4.07.2030
6 97 4 14.08.2030
0 98 2 14.08.2030
1 98 6 10.08.2030
2 98 5 12.08.2030
3 98 2 4.07.2030
4 98 4 4.07.2030
5 98 4 10.08.2030
6 98 5 12.08.2030
0 99 4 12.08.2030
1 99 3 14.08.2030
2 99 2 7.07.2030
3 99 4 12.08.2030
4 99 6 12.08.2030
5 99 2 1.07.2030
6 99 5 1.07.2030
